mass=6.617880+-0.044096
xcen=1.016620+-0.011364
ycen=-0.004807+-0.013453
